NORMALIZER 0 0 0 0 0 0 0 0
DEPART 400 200 0 0 0 0 0 0
LITUANIE 2 20 80 160 200 250 50 60
CDC 0 0 0 0 0 0 0 0
LETTONIE 2 20 80 160 200 250 50 60
IMPOTS 200 0 0 0 0 0 0 0
AMSTERDAM 25 50 100 200 0 0 0 200
BULGARIE 12 30 100 180 220 300 50 100
CHANCE 0 0 0 0 0 0 0 0
ROUMANIE 12 30 100 180 220 300 50 100
POLOGNE 16 40 130 200 280 350 50 120
PRISON 0 0 0 0 0 0 0 0
HONGRIE 20 60 150 210 330 400 100 140
PARLEMENT 4 10 0 0 0 0 0 150
SUISSE 20 60 150 210 330 400 100 140
FINLANDE 22 70 180 260 380 450 100 160
FRANCFORT 0 0 0 0 0 0 0 0
SUEDE 26 85 200 340 470 550 100 180
CDC 0 0 0 0 0 0 0 0
AUTRICHE 26 85 200 340 470 550 100 180
PORTUGAL 28 92 235 370 500 600 100 200
PARKING 0 0 0 0 0 0 0 0
ESPAGNE 32 105 320 570 710 850 150 220
CHANCE 0 0 0 0 0 0 0 0
GRECE 32 105 320 570 710 850 150 220
IRLANDE 36 120 330 600 805 900 150 240
PARIS 0 0 0 0 0 0 0 0
DANEMARK 38 155 365 795 970 1100 150 260
ROYAUME-UNI 38 155 365 795 970 1100 150 260
JUSTICE 0 0 0 0 0 0 0 150
LUXEMBOURG 40 175 395 840 1050 1200 150 280
GOJAIL 3 0 0 0 0 0 0 0
BELGIQUE 42 202 410 905 1110 1300 200 300
PAYS-BAS 42 202 410 905 1110 1300 200 300
CDC 0 0 0 0 0 0 0 0
ITALIE 44 230 430 937 1220 1350 200 320
LONDRES 0 0 0 0 0 0 0 0
CHANCE 0 0 0 0 0 0 0 0
ALLEMAGNE 46 295 470 997 1285 1400 200 350
LUXE 100 0 0 0 0 0 0 0
FRANCE 50 330 500 1100 1350 1500 200 400